13973170105
13787297133
15388087706
13974993726
17752898559
18163743536
13873825318
15111423069
13873141773
17673043098
15084887906
13755114280
18229727883
13787005188
18229786226
18974966675
18163614383
15388967260
13574106492
18508431452
19524195634
18274175638
13718810545
18163879148
18570303491
13574884007
13548740689
15077533190
18153792539
13973180410
18684984820
18075122292
17775812912
13348695630
15116217266
18874593517
13713321722
18973116550
15111139340
15387490007
13667315725
13687340575
18774998348
18207423820
18878523889
17673115236
13974914286
13574842612
13787208179
15351268652
18673135890
15802573396
13873110709
18673123604
18874187636
15386451770
13907496003
13207428310
15002001977
13874833822
13543282235
13507476048
13348687344
13893579365
18975800888
13326766158
13087311975